camera_matrix:
  - [908.21728516, 0.0, 642.64819336]
  - [0.0, 907.78796387, 380.05688477]
  - [0.0, 0.0, 1.0]

dist_coeff:
  - [0.0, 0.0, 0.0, 0.0, 0.0]

image_width: 1280
image_height: 720
model: pinhole
